[  959.698832] [Project 1] 2838 958.681146579 959.659082463
[  961.638981] [Project 1] 2839 960.625923201 961.599231295
[  963.572421] [Project 1] 2840 962.565700202 963.532672673
[  965.497458] [Project 1] 2842 964.494770321 965.457712285
[  967.424186] [Project 1] 2843 966.417896599 967.384440207
[  969.353951] [Project 1] 2845 968.346280771 969.314206103
[  971.274766] [Project 1] 2846 970.271751779 971.235022464
[  973.209978] [Project 1] 2847 972.199010580 973.170235332
[  975.141841] [Project 1] 2849 974.134189136 975.102099562
[  977.079412] [Project 1] 2850 976.073897586 977.039670857
